$STARTLAYER
weights=0.535985,0.785867,0.21645,0.0182144,0.110507,0.323627,0.527336,0.452145,
biases=0.22929,0.801045,0.647643,0.140108,
$STARTLAYER
weights=0.31004,0.264092,0.145945,0.377461,0.38828,0.511476,0.795427,0.590097,0.670327,0.553092,0.16345,0.790285,
biases=0.684446,0.288128,0.0366799,
