$STARTLAYER
weights=0.00479739,0.489877,0.800859,0.384513,0.830755,0.214309,0.660873,0.691205,
biases=0.746483,0.48345,0.39813,0.344904,
$STARTLAYER
weights=0.171985,0.00845258,0.59254,0.99504,0.712797,0.0132464,0.412804,0.7295,0.802911,0.194321,0.12309,0.115102,
biases=0.336284,0.226518,0.495239,
