$STARTLAYER
weights=0.0445187,0.660435,0.772382,0.00624115,0.700461,0.359943,0.797453,0.334963,
biases=0.052779,0.646217,0.159179,0.0219578,
$STARTLAYER
weights=0.379437,0.531224,0.836917,0.414178,0.237701,0.672983,0.822955,0.611832,0.46212,0.500064,0.173483,0.961179,
biases=0.175421,0.824965,0.425535,
