$STARTLAYER
weights=0.775628,0.4908,0.612369,0.385348,0.887212,0.424309,0.167483,0.900164,
biases=0.202102,0.0852328,0.259852,0.10887,
$STARTLAYER
weights=0.370326,0.0327421,0.859724,0.57772,0.676352,0.0804901,0.0688307,0.430001,0.50063,0.66548,0.441812,0.332428,
biases=0.230952,0.856838,0.958146,
